59127 50278 20
18372 50402 40
50329 26308 60
18247 26282 80
25095 18023 100
61514 63494 120
1830 39636 140
49670 59461 160
9866 9734 180
1756 2032 200
43732 25415 220
58950 34646 240
882 32482 260
60057 17130 280
26214 18345 300
25190 18183 320
61027 35050 340
4930 1575 360
10018 9986 380
1730 1886 400
1539 57994 420
57574 64550 440
1542 35466 460
4871 10122 480
9767 52301 500
52262 35622 520
65474 56327 540
26375 57570 560
33606 63722 580
34727 41862 600
42630 34422 620
47529 19971 640
19919 20064 660
19919 20065 680
19919 20057 700
19918 20054 720
19921 20059 740
19921 20038 760
19921 20050 780
19920 20038 800
19922 20055 820
19920 20051 840
19918 20042 860
19923 20041 880
19925 20044 900
19926 20043 920
19925 20037 940
19926 20043 960
19929 20028 980
19931 20040 1000
19932 20028 1020
19932 20041 1040
19934 20042 1060
19935 20040 1080
19937 20044 1100
19938 20045 1120
19940 20044 1140
19942 20044 1160
19942 20041 1180
19945 20020 1200
19951 20024 1220
19966 20016 1240
19975 20037 1260
19976 20039 1280
19971 20028 1300
19964 20014 1320
19959 20017 1340
19958 20017 1360
19956 20020 1380
19955 20015 1400
19955 20022 1420
19954 20021 1440
19955 20007 1460
19955 20030 1480
19955 20019 1500
19958 20036 1520
19961 20042 1540
19962 20045 1560
19963 20045 1580
19963 20045 1600
19966 20045 1620
19963 20036 1640
19962 20033 1660
19961 20043 1680
19963 20033 1700
19963 20025 1720
19964 20032 1740
19965 20013 1760
19966 20032 1780
19964 20032 1800
19965 20030 1820
19965 20031 1840
19964 20026 1860
19965 20027 1880
19966 20029 1900
19966 20029 1920
19966 20020 1940
19965 20035 1960
19967 20018 1980
19967 20042 2000
19969 20027 2020
19971 20044 2040
19970 20036 2060
19970 20038 2080
19969 20038 2100
19969 20033 2120
19971 20035 2140
19972 20038 2160
19969 20036 2180
19969 20018 2200
19966 20026 2220
19964 20007 2240
19961 20023 2260
19959 20020 2280
19958 20020 2300
19959 20024 2320
19961 20022 2340
19962 20021 2360
19961 20019 2380
19963 20025 2400
19966 20025 2420
19966 20026 2440
19966 20008 2460
19969 20025 2480
19968 20005 2500
19970 20024 2520
19970 20026 2540
19970 20021 2560
19972 20020 2580
19968 20017 2600
19969 20014 2620
19970 20008 2640
19968 20004 2660
19969 19994 2680
19971 20009 2700
19973 19996 2720
19971 20008 2740
19973 19999 2760
19974 20017 2780
19973 20016 2800
19967 20007 2820
19966 20001 2840
19959 19987 2860
19949 19976 2880
19938 19959 2900
19933 19951 2920
19934 19935 2940
19939 19961 2960
19941 19945 2980
19942 19962 3000
19943 19967 3020
19946 19973 3040
19950 19972 3060
19951 19970 3080
19952 19969 3100
19954 19976 3120
19953 19974 3140
19952 19968 3160
19950 19967 3180
19949 19959 3200
19950 19972 3220
19950 19957 3240
19953 19977 3260
19956 19982 3280
19956 19982 3300
19956 19981 3320
19957 19978 3340
19957 19974 3360
19950 19968 3380
19935 19947 3400
19918 19933 3420
19889 19906 3440
19824 19856 3460
19679 19849 3480
19420 19924 3500
19092 20358 3520
18921 21121 3540
19065 21774 3560
19391 21989 3580
19740 21755 3600
19964 21191 3620
19988 20861 3640
19974 20706 3660
19946 20608 3680
19934 20546 3700
19925 20486 3720
19906 20445 3740
19863 20378 3760
19812 20354 3780
19747 20341 3800
19695 20350 3820
19676 20363 3840
19671 20385 3860
19674 20407 3880
19672 20451 3900
19669 20512 3920
19680 20576 3940
19721 20624 3960
19772 20621 3980
19819 20622 4000
19849 20583 4020
19874 20564 4040
19911 20526 4060
19973 20476 4080
20042 20400 4100
20098 20326 4120
20126 20298 4140
20139 20272 4160
20122 20255 4180
20095 20228 4200
20047 20229 4220
20006 20200 4240
19989 20191 4260
19977 20179 4280
19976 20159 4300
19979 20137 4320
19983 20117 4340
19980 20095 4360
19984 20072 4380
19996 20052 4400
20004 20034 4420
20006 20025 4440
20002 20003 4460
19994 20006 4480
19985 19982 4500
19973 19986 4520
19962 19979 4540
19954 19971 4560
19948 19961 4580
19949 19956 4600
19951 19942 4620
19948 19940 4640
19945 19933 4660
19944 19921 4680
19942 19908 4700
19947 19888 4720
19949 19893 4740
19950 19855 4760
19953 19859 4780
19960 19856 4800
19965 19853 4820
19969 19852 4840
19973 19846 4860
19974 19840 4880
19973 19834 4900
19979 19827 4920
19984 19796 4940
19988 19797 4960
19991 19785 4980
19998 19798 5000
20005 19804 5020
20009 19826 5040
20014 19846 5060
20028 19859 5080
20044 19877 5100
20049 19891 5120
20056 19891 5140
20063 19887 5160
20072 19888 5180
20080 19869 5200
20096 19897 5220
20112 19892 5240
20128 19945 5260
20134 19957 5280
20135 19948 5300
20133 19945 5320
20126 19931 5340
20118 19919 5360
20115 19888 5380
20105 19875 5400
20095 19866 5420
20094 19877 5440
20068 19835 5460
20028 19757 5480
20017 19654 5500
20030 19567 5520
20052 19487 5540
20061 19471 5560
20060 19476 5580
20056 19489 5600
20054 19512 5620
20054 19531 5640
20055 19532 5660
20059 19527 5680
20061 19557 5700
20063 19570 5720
20064 19598 5740
20072 19594 5760
20079 19613 5780
20084 19623 5800
20085 19650 5820
20081 19675 5840
20077 19704 5860
20071 19750 5880
20065 19794 5900
20054 19854 5920
20048 19903 5940
20051 19954 5960
20048 19975 5980
20050 20013 6000
20048 20029 6020
20048 20026 6040
20049 20020 6060
20048 20018 6080
20047 20025 6100
20046 20019 6120
20046 20022 6140
20044 20023 6160
20042 20035 6180
20038 20033 6200
20040 20055 6220
20042 20046 6240
20047 20090 6260
20067 20113 6280
20093 20131 6300
20124 20101 6320
20152 20047 6340
20179 19994 6360
20201 19944 6380
20216 19903 6400
20224 19878 6420
20225 19872 6440
20225 19844 6460
20233 19834 6480
20241 19814 6500
20246 19814 6520
20250 19812 6540
20245 19809 6560
20236 19819 6580
20223 19828 6600
20217 19826 6620
20216 19827 6640
20216 19825 6660
20208 19814 6680
20199 19845 6700
20186 19842 6720
20176 19856 6740
20174 19841 6760
20171 19850 6780
20164 19854 6800
20156 19860 6820
20147 19866 6840
20139 19876 6860
20132 19883 6880
20128 19889 6900
20123 19896 6920
20118 19883 6940
20112 19910 6960
20106 19899 6980
20104 19927 7000
20098 19943 7020
20088 19950 7040
20080 19955 7060
20073 19947 7080
20064 19945 7100
20054 19948 7120
20043 19967 7140
20031 19977 7160
20021 19988 7180
20017 19981 7200
20014 19996 7220
20011 19977 7240
20006 19993 7260
20001 19993 7280
19999 19995 7300
19992 19992 7320
19975 19997 7340
19960 19995 7360
19954 19983 7380
19962 19951 7400
19968 19905 7420
19976 19885 7440
19983 19863 7460
19989 19863 7480
19991 19833 7500
19983 19861 7520
19970 19890 7540
19965 19901 7560
19957 19924 7580
19948 19963 7600
19940 20003 7620
19937 20047 7640
19938 20085 7660
19943 20116 7680
19952 20162 7700
19961 20156 7720
19971 20174 7740
19982 20161 7760
19988 20170 7780
19995 20167 7800
20001 20158 7820
20004 20144 7840
20007 20136 7860
20011 20126 7880
20019 20129 7900
20026 20143 7920
20027 20155 7940
20020 20180 7960
20020 20171 7980
20017 20179 8000
20007 20162 8020
20004 20148 8040
20005 20109 8060
19994 20067 8080
19981 20052 8100
19977 20038 8120
19984 20023 8140
20000 20003 8160
20011 19957 8180
20003 19897 8200
19987 19855 8220
19972 19808 8240
19976 19792 8260
20002 19731 8280
20035 19715 8300
20043 19718 8320
20041 19728 8340
20029 19761 8360
20020 19791 8380
20006 19826 8400
19988 19864 8420
19970 19882 8440
19958 19895 8460
19954 19929 8480
19955 19941 8500
19940 20006 8520
19923 20046 8540
19910 20063 8560
19906 20067 8580
19899 20072 8600
19892 20077 8620
19892 20070 8640
19894 20078 8660
19908 20110 8680
19931 20179 8700
19931 20198 8720
19940 20212 8740
19936 20194 8760
19925 20174 8780
19916 20138 8800
19918 20085 8820
19908 20042 8840
19901 19996 8860
19894 19945 8880
19895 19912 8900
19903 19880 8920
19912 19855 8940
19922 19860 8960
19928 19849 8980
19932 19860 9000
19934 19863 9020
19931 19901 9040
19928 19924 9060
19928 19925 9080
19938 19921 9100
19948 19883 9120
19961 19832 9140
19982 19796 9160
19994 19770 9180
20002 19742 9200
20008 19751 9220
20010 19753 9240
20014 19794 9260
20017 19821 9280
20018 19848 9300
20021 19866 9320
20022 19876 9340
20025 19880 9360
20029 19890 9380
20029 19892 9400
20032 19899 9420
20035 19905 9440
20036 19904 9460
20037 19921 9480
20040 19914 9500
20042 19934 9520
20043 19936 9540
20042 19939 9560
20044 19953 9580
20043 19955 9600
20046 19962 9620
20044 19969 9640
20045 19970 9660
20043 19968 9680
20042 19971 9700
20043 19956 9720
20038 19973 9740
20036 19962 9760
20034 19980 9780
20034 19988 9800
20035 19987 9820
20034 19993 9840
20032 19997 9860
20032 19999 9880
20034 20005 9900
20030 20004 9920
20030 19999 9940
20032 20012 9960
20032 20001 9980
20031 20022 10000
20030 20006 10020
20032 20028 10040
20030 20031 10060
20030 20031 10080
20030 20033 10100
20030 20039 10120
20032 20040 10140
20032 20043 10160
20034 20049 10180
20032 20035 10200
20033 20051 10220
20035 20044 10240
20032 20056 10260
20030 20046 10280
20033 20060 10300
20033 20060 10320
20034 20061 10340
20033 20059 10360
20035 20054 10380
20038 20045 10400
20036 20045 10420
20035 20042 10440
20033 20043 10460
20033 20045 10480
20033 20037 10500
20033 20043 10520
20034 20028 10540
20033 20043 10560
20032 20048 10580
20030 20057 10600
20030 20068 10620
20032 20068 10640
20036 20062 10660
20038 20064 10680
20039 20061 10700
20040 20044 10720
20044 20051 10740
20042 20030 10760
20038 20035 10780
20036 20023 10800
20033 20028 10820
20036 20024 10840
20035 20014 10860
20034 20015 10880
20033 20017 10900
20035 20017 10920
20035 20008 10940
20035 19997 10960
20031 19986 10980
20020 20004 11000
20008 19994 11020
20004 19993 11040
20004 19986 11060
19996 19981 11080
19989 19990 11100
19982 20009 11120
19976 20032 11140
19972 20033 11160
19972 20028 11180
19967 20044 11200
19968 20065 11220
19964 20080 11240
19957 20117 11260
19956 20140 11280
19961 20163 11300
19959 20183 11320
19967 20212 11340
19982 20223 11360
19993 20233 11380
20003 20234 11400
20011 20240 11420
20018 20238 11440
20024 20216 11460
20027 20198 11480
20026 20172 11500
20026 20166 11520
20026 20133 11540
20026 20141 11560
20024 20134 11580
20023 20119 11600
20023 20108 11620
20025 20102 11640
20028 20092 11660
20026 20086 11680
20025 20088 11700
20025 20073 11720
20027 20076 11740
20030 20048 11760
20032 20067 11780
20028 20072 11800
20031 20077 11820
20031 20074 11840
20035 20067 11860
20036 20061 11880
20038 20061 11900
20039 20056 11920
20044 20049 11940
20045 20059 11960
20047 20060 11980
20047 20076 12000
20049 20074 12020
20053 20095 12040
20057 20108 12060
20058 20118 12080
20057 20123 12100
20056 20120 12120
20052 20113 12140
20049 20091 12160
20048 20055 12180
20041 20023 12200
20040 20012 12220
20032 19992 12240
20024 19974 12260
20015 19922 12280
20004 19902 12300
20002 19871 12320
19992 19876 12340
19996 19908 12360
19999 19913 12380
19997 19919 12400
19996 19907 12420
19999 19895 12440
20008 19877 12460
20018 19903 12480
20020 19882 12500
20020 19881 12520
20027 19883 12540
20029 19880 12560
20030 19880 12580
20031 19873 12600
20033 19868 12620
20035 19857 12640
20040 19846 12660
20046 19853 12680
20051 19871 12700
20047 19882 12720
20040 19915 12740
20034 19898 12760
20030 19908 12780
20027 19898 12800
20025 19889 12820
20025 19880 12840
20022 19866 12860
20019 19839 12880
20019 19842 12900
20019 19833 12920
20018 19838 12940
20014 19844 12960
20013 19838 12980
20009 19843 13000
20008 19835 13020
20003 19849 13040
20000 19844 13060
19998 19843 13080
19998 19849 13100
19992 19847 13120
19986 19840 13140
19978 19836 13160
19976 19846 13180
19973 19838 13200
19967 19854 13220
19965 19832 13240
19969 19851 13260
19972 19856 13280
19979 19879 13300
19979 19891 13320
19976 19895 13340
19973 19899 13360
19968 19905 13380
19965 19909 13400
19958 19917 13420
19956 19920 13440
19955 19926 13460
19949 19951 13480
19943 19930 13500
19931 19933 13520
19922 19931 13540
19921 19925 13560
19922 19948 13580
19928 19972 13600
19942 19977 13620
19956 19967 13640
19960 19957 13660
19960 19961 13680
19968 19969 13700
19973 19969 13720
19980 20003 13740
19991 19976 13760
20001 19975 13780
20004 19974 13800
20009 19985 13820
20014 19994 13840
20020 19997 13860
20021 19991 13880
20026 19982 13900
20033 19966 13920
20041 19961 13940
20042 19971 13960
20050 19967 13980
20049 19978 14000
20048 19950 14020
20050 19953 14040
20050 19950 14060
20049 19960 14080
20048 19965 14100
20048 19956 14120
20045 19953 14140
20045 19965 14160
20046 19971 14180
20051 19960 14200
20056 19974 14220
20057 19967 14240
20056 19992 14260
20052 20004 14280
20050 20010 14300
20049 20008 14320
20049 20007 14340
20048 20006 14360
20047 20004 14380
20048 20012 14400
20048 20019 14420
20044 20018 14440
20042 19997 14460
20037 20001 14480
20029 19984 14500
20019 20005 14520
20015 20001 14540
20006 19993 14560
20001 19991 14580
19992 19975 14600
19986 19971 14620
19985 19973 14640
19981 19979 14660
19980 19984 14680
19976 19979 14700
19969 19972 14720
19966 19998 14740
19969 20003 14760
19971 20003 14780
19971 19995 14800
19965 19984 14820
19964 19976 14840
19965 19972 14860
19967 19977 14880
19972 19992 14900
19976 19998 14920
19979 19998 14940
19988 20028 14960
19995 20033 14980
20009 20080 15000
20022 20085 15020
20026 20107 15040
20025 20098 15060
20023 20091 15080
20022 20086 15100
20020 20095 15120
20018 20085 15140
20010 20073 15160
20003 20074 15180
19998 20073 15200
19996 20093 15220
19996 20083 15240
19994 20107 15260
19992 20122 15280
19990 20126 15300
19994 20130 15320
19999 20129 15340
20005 20135 15360
20009 20145 15380
20014 20145 15400
20023 20134 15420
20031 20131 15440
20036 20119 15460
20037 20140 15480
20034 20137 15500
20027 20172 15520
20017 20195 15540
20003 20213 15560
19984 20222 15580
19956 20218 15600
19927 20169 15620
19914 20061 15640
19919 19980 15660
19942 19915 15680
19965 19914 15700
19979 19928 15720
19987 19986 15740
19984 20041 15760
19983 20098 15780
19968 20133 15800
19948 20159 15820
19929 20172 15840
19915 20157 15860
19907 20108 15880
19904 20023 15900
19913 19934 15920
19937 19857 15940
19965 19828 15960
19992 19801 15980
20021 19864 16000
20040 19946 16020
20049 20011 16040
20044 20057 16060
20024 20076 16080
20001 20085 16100
19975 20095 16120
19954 20094 16140
19942 20082 16160
19938 20072 16180
19933 20046 16200
19927 20046 16220
19927 20019 16240
19929 20030 16260
19930 20033 16280
19933 20027 16300
19938 20026 16320
19941 20010 16340
19942 19981 16360
19941 19958 16380
19944 19945 16400
19946 19942 16420
19954 19941 16440
19961 19918 16460
19968 19918 16480
19973 19880 16500
19976 19889 16520
19982 19882 16540
19981 19867 16560
19982 19868 16580
19978 19887 16600
19972 19895 16620
19969 19912 16640
19968 19926 16660
19967 19919 16680
19960 19933 16700
19959 19936 16720
19964 19967 16740
19967 19969 16760
19969 19976 16780
19968 19967 16800
19968 19967 16820
19967 19961 16840
19967 19956 16860
19963 19958 16880
19961 19967 16900
19967 19976 16920
19972 19965 16940
19973 19962 16960
19976 19929 16980
19978 19937 17000
19977 19925 17020
19972 19913 17040
19970 19901 17060
19970 19888 17080
19970 19889 17100
19970 19899 17120
19973 19910 17140
19975 19917 17160
19976 19926 17180
19973 19920 17200
19971 19938 17220
19976 19929 17240
19984 19955 17260
19997 19959 17280
20006 19961 17300
20014 19965 17320
20023 19964 17340
20033 19956 17360
20045 19956 17380
20054 19955 17400
20052 19943 17420
20049 19931 17440
20045 19920 17460
20032 19943 17480
20019 19953 17500
20009 19991 17520
19993 20007 17540
19972 20016 17560
19957 20035 17580
19955 20052 17600
19970 20079 17620
19989 20104 17640
19998 20111 17660
19996 20088 17680
19995 20085 17700
20000 20068 17720
20008 20070 17740
20019 20059 17760
20025 20053 17780
20024 20039 17800
20024 20052 17820
20023 20065 17840
20018 20066 17860
20009 20064 17880
19999 20063 17900
19993 20069 17920
19998 20075 17940
20006 20102 17960
20007 20094 17980
20006 20113 18000
20002 20119 18020
20002 20122 18040
20006 20126 18060
20014 20118 18080
20018 20111 18100
20021 20098 18120
20022 20081 18140
20021 20056 18160
20024 20065 18180
20026 20049 18200
20033 20070 18220
20037 20058 18240
20040 20065 18260
20041 20058 18280
20042 20060 18300
20040 20064 18320
20037 20072 18340
20034 20075 18360
20034 20077 18380
20034 20085 18400
20031 20079 18420
20025 20096 18440
20021 20084 18460
20024 20114 18480
20027 20134 18500
20031 20141 18520
20031 20149 18540
20023 20143 18560
20018 20142 18580
20018 20149 18600
20024 20156 18620
20028 20149 18640
20031 20143 18660
20039 20121 18680
20046 20126 18700
20053 20105 18720
20059 20127 18740
20062 20131 18760
20064 20135 18780
20060 20129 18800
20056 20120 18820
20058 20121 18840
20058 20123 18860
20058 20118 18880
20054 20093 18900
20049 20087 18920
20044 20057 18940
20034 20057 18960
20026 20042 18980
20019 20049 19000
20012 20048 19020
20007 20043 19040
20009 20046 19060
20008 20050 19080
20004 20048 19100
19996 20045 19120
19990 20042 19140
19989 20038 19160
19994 20047 19180
19995 20042 19200
19993 20042 19220
19992 20039 19240
19991 20044 19260
19990 20039 19280
19997 20034 19300
20004 20029 19320
20013 20019 19340
20015 20012 19360
20020 20006 19380
20021 20004 19400
20019 19987 19420
20017 19992 19440
20012 19972 19460
20011 19993 19480
20006 20000 19500
20004 19996 19520
20002 19994 19540
20002 19989 19560
20005 19985 19580
20003 19984 19600
20005 19990 19620
20006 19989 19640
20008 19988 19660
20006 19973 19680
20001 19989 19700
19998 19989 19720
19995 20000 19740
19990 20003 19760
19984 20001 19780
19978 20000 19800
19975 20005 19820
19971 20000 19840
19974 19996 19860
19985 20001 19880
19992 19993 19900
19992 20007 19920
19986 19990 19940
19980 20000 19960
19981 19992 19980
19979 20005 20000
19979 20001 20020
19979 20001 20040
19982 20007 20060
19985 20003 20080
19988 20006 20100
19989 20007 20120
19987 20012 20140
19986 19997 20160
19983 20014 20180
19981 19998 20200
19979 20008 20220
19975 20012 20240
19972 20012 20260
19968 20009 20280
19964 20009 20300
19962 20012 20320
19959 20015 20340
19957 20015 20360
19951 20016 20380
19947 20018 20400
19946 20026 20420
19946 20037 20440
19946 20021 20460
19946 20044 20480
19949 20053 20500
19948 20046 20520
19952 20046 20540
19957 20063 20560
19963 20100 20580
19944 20130 20600
19933 20140 20620
19932 20155 20640
19931 20159 20660
19918 20129 20680
19901 20123 20700
19911 20076 20720
19922 20075 20740
19936 20067 20760
19942 20052 20780
19941 20044 20800
19936 20050 20820
19933 20074 20840
19925 20094 20860
19912 20107 20880
19903 20107 20900
19902 20138 20920
19908 20143 20940
19919 20157 20960
19929 20143 20980
19935 20161 21000
19936 20178 21020
19937 20193 21040
19938 20203 21060
19945 20196 21080
19947 20200 21100
19955 20195 21120
19960 20183 21140
19963 20161 21160
19960 20171 21180
19961 20149 21200
19963 20146 21220
19966 20138 21240
19970 20131 21260
19976 20120 21280
19979 20100 21300
19980 20082 21320
19981 20064 21340
19982 20026 21360
19987 19961 21380
20004 19898 21400
20014 19850 21420
20018 19874 21440
20023 19905 21460
20028 19973 21480
20022 20028 21500
20014 20045 21520
20007 20041 21540
20005 20025 21560
20003 20007 21580
20004 20004 21600
20007 20002 21620
20010 19992 21640
20016 19985 21660
20014 19982 21680
20015 19991 21700
20017 19965 21720
20019 19969 21740
20020 19971 21760
20018 19975 21780
20016 19973 21800
20015 19964 21820
20014 19966 21840
20013 19962 21860
20012 19964 21880
20013 19949 21900
20010 19967 21920
20009 19952 21940
20012 19962 21960
20013 19959 21980
20013 19957 22000
20013 19958 22020
20013 19959 22040
20017 19956 22060
20018 19947 22080
20017 19943 22100
20019 19946 22120
20021 19940 22140
20028 19920 22160
20036 19920 22180
20045 19896 22200
20053 19900 22220
20059 19890 22240
20063 19874 22260
20062 19860 22280
20062 19843 22300
20060 19835 22320
20060 19845 22340
20052 19859 22360
20046 19875 22380
20040 19915 22400
20043 19905 22420
20050 19912 22440
20054 19896 22460
20062 19905 22480
20068 19910 22500
20066 19918 22520
20064 19932 22540
20059 19940 22560
20055 19946 22580
20055 19948 22600
20049 19950 22620
20042 19940 22640
20040 19957 22660
20043 19935 22680
20041 19948 22700
20037 19947 22720
20035 19938 22740
20037 19922 22760
20036 19904 22780
20029 19889 22800
20021 19873 22820
20013 19868 22840
20010 19851 22860
20011 19834 22880
20009 19816 22900
20011 19825 22920
20013 19816 22940
20016 19831 22960
20015 19848 22980
20009 19866 23000
20000 19876 23020
19996 19861 23040
20002 19841 23060
20008 19819 23080
20014 19812 23100
20011 19804 23120
20003 19810 23140
20005 19799 23160
20015 19808 23180
20027 19792 23200
20038 19793 23220
20054 19784 23240
20067 19773 23260
20082 19754 23280
20092 19721 23300
20102 19688 23320
20117 19661 23340
20148 19622 23360
20216 19501 23380
20327 19370 23400
20487 19287 23420
20661 19339 23440
20796 19448 23460
20845 19544 23480
20834 19549 23500
20799 19537 23520
20751 19540 23540
20697 19548 23560
20646 19554 23580
20599 19559 23600
20556 19583 23620
20517 19613 23640
20487 19671 23660
20457 19700 23680
20415 19770 23700
20363 19826 23720
20308 19861 23740
20243 19842 23760
20154 19783 23780
20045 19736 23800
19915 19757 23820
19793 19852 23840
19705 19965 23860
19641 20089 23880
19595 20183 23900
19573 20252 23920
19562 20259 23940
19547 20288 23960
19530 20332 23980
19529 20371 24000
19536 20406 24020
19539 20448 24040
19536 20521 24060
19545 20613 24080
19578 20668 24100
19620 20671 24120
19649 20697 24140
19667 20688 24160
19687 20724 24180
19720 20736 24200
19759 20729 24220
19796 20715 24240
19817 20693 24260
19825 20676 24280
19826 20644 24300
19831 20614 24320
19843 20592 24340
19866 20574 24360
19895 20541 24380
19926 20538 24400
19963 20497 24420
20012 20454 24440
20051 20380 24460
20078 20272 24480
20093 20201 24500
20100 20180 24520
20071 20184 24540
20046 20176 24560
20005 20147 24580
19974 20091 24600
19975 20060 24620
19963 20021 24640
19941 20036 24660
19924 20031 24680
19910 20065 24700
19905 20086 24720
19895 20101 24740
19871 20105 24760
19841 20093 24780
19824 20066 24800
19819 20044 24820
19824 20035 24840
19833 20017 24860
19848 20017 24880
19860 19986 24900
19873 19977 24920
19886 19968 24940
19898 19971 24960
19908 19978 24980
19912 19983 25000
19916 20002 25020
19915 20023 25040
19921 20042 25060
19917 20053 25080
19918 20059 25100
19920 20038 25120
19914 20026 25140
19910 20002 25160
19912 20010 25180
19919 19985 25200
19920 19960 25220
19925 19943 25240
19928 19951 25260
19927 19970 25280
19934 19999 25300
19960 20032 25320
19993 20049 25340
20022 20052 25360
20046 20038 25380
20071 20059 25400
20096 20051 25420
20092 20076 25440
20095 20082 25460
20085 20065 25480
20065 20047 25500
20034 20009 25520
20019 19978 25540
20005 19977 25560
19999 19979 25580
20004 19985 25600
20019 19995 25620
20035 19970 25640
20049 19961 25660
20053 19921 25680
20037 19885 25700
20029 19870 25720
20022 19856 25740
20015 19847 25760
20005 19843 25780
20001 19870 25800
19997 19908 25820
20002 19935 25840
20008 19954 25860
20013 19983 25880
20014 19977 25900
20014 19995 25920
20015 19994 25940
20010 20003 25960
20002 20004 25980
19997 20030 26000
19988 20057 26020
19979 20070 26040
19972 20082 26060
19963 20083 26080
19947 20073 26100
19928 20050 26120
19923 20064 26140
19923 20070 26160
19924 20068 26180
19922 20054 26200
19922 20068 26220
19921 20063 26240
19919 20057 26260
19918 20059 26280
19915 20059 26300
19915 20058 26320
19916 20071 26340
19924 20086 26360
19936 20098 26380
19952 20137 26400
19961 20133 26420
19966 20158 26440
19972 20145 26460
19975 20154 26480
19980 20145 26500
19984 20135 26520
19989 20130 26540
19997 20123 26560
20004 20114 26580
20010 20099 26600
20009 20086 26620
20023 20051 26640
20043 20066 26660
20058 20062 26680
20059 20064 26700
20053 20059 26720
20060 20055 26740
20077 20031 26760
20098 19961 26780
20167 19894 26800
20271 19847 26820
20389 19817 26840
20483 19801 26860
20534 19815 26880
20546 19852 26900
20529 19932 26920
20501 19949 26940
20484 19945 26960
20475 19885 26980
20484 19819 27000
20497 19804 27020
20501 19818 27040
20505 19847 27060
20484 19912 27080
20409 19954 27100
20345 19874 27120
20346 19808 27140
20377 19782 27160
20393 19879 27180
20339 19987 27200
20282 20079 27220
20237 20193 27240
20176 20239 27260
20125 20174 27280
20109 20022 27300
20148 19959 27320
20144 20012 27340
20085 20045 27360
20032 20019 27380
20001 20015 27400
19991 19981 27420
19975 19991 27440
19932 19986 27460
19878 19918 27480
19844 19800 27500
19840 19685 27520
19839 19624 27540
19804 19608 27560
19704 19615 27580
19600 19639 27600
19539 19710 27620
19522 19955 27640
19499 20312 27660
19508 20547 27680
19585 20615 27700
19695 20612 27720
19738 20591 27740
19671 20519 27760
19615 20333 27780
19542 20072 27800
19673 19808 27820
19671 20081 27840
19714 19602 27860
19878 20088 27880
19637 20179 27900
19766 19791 27920
19836 19885 27940
19735 19970 27960
19817 20006 27980
19738 19868 28000
19815 19932 28020
19801 20069 28040
19776 19898 28060
19791 19987 28080
19812 20001 28100
19847 19971 28120
19841 19964 28140
19884 20024 28160
19838 19935 28180
19911 20051 28200
19862 19921 28220
19921 20023 28240
19864 19949 28260
19938 19964 28280
19892 20036 28300
19884 19935 28320
19941 19939 28340
19930 19956 28360
19937 19972 28380
19922 20039 28400
19888 19879 28420
19973 19909 28440
19971 20017 28460
19935 20018 28480
19935 19969 28500
19951 19959 28520
19971 19968 28540
19968 19994 28560
19949 20010 28580
19932 19974 28600
19934 19928 28620
19966 19933 28640
19982 19985 28660
19978 19995 28680
19984 19972 28700
19995 19944 28720
20000 19948 28740
20013 19979 28760
19995 19997 28780
19980 20040 28800
19977 19960 28820
19966 20001 28840
19970 19965 28860
19976 19906 28880
19973 19906 28900
19995 19965 28920
20015 19956 28940
20020 19971 28960
20023 19990 28980
20028 20036 29000
20068 20021 29020
20087 19940 29040
20057 19896 29060
20018 19930 29080
20016 19996 29100
20034 20003 29120
20064 20015 29140
20093 19957 29160
20091 19881 29180
20059 19844 29200
20014 19884 29220
19980 19984 29240
19980 20049 29260
19987 20066 29280
19985 20057 29300
19992 20046 29320
19997 20045 29340
20005 20106 29360
20000 20091 29380
19993 20011 29400
20006 19923 29420
20029 19861 29440
20074 19832 29460
20101 19902 29480
20088 20025 29500
20023 20102 29520
19971 20001 29540
20000 19895 29560
20042 19908 29580
20066 19960 29600
20031 20025 29620
20010 19966 29640
20034 20013 29660
20024 20048 29680
19969 19975 29700
20000 19894 29720
20028 19938 29740
20021 19949 29760
20031 19899 29780
20069 19923 29800
20059 19993 29820
20019 19990 29840
20032 19959 29860
20008 19965 29880
20051 19918 29900
20037 20025 29920
20021 19932 29940
20053 19976 29960
20025 19982 29980
20036 19934 30000
20056 19994 30020
20012 19994 30040
20041 19925 30060
20042 20010 30080
20011 19950 30100
20059 19985 30120
20002 20014 30140
20055 19935 30160
20052 20064 30180
19998 19984 30200
20065 19935 30220
20065 20059 30240
20008 20017 30260
20042 19954 30280
20060 20007 30300
20027 20016 30320
20030 19941 30340
20065 19945 30360
20073 19987 30380
20059 20029 30400
20045 20032 30420
20033 20000 30440
20017 19978 30460
19998 19954 30480
19969 19963 30500
19944 20064 30520
19998 20119 30540
20065 20004 30560
20043 19921 30580
19979 19975 30600
20023 20120 30620
20078 19987 30640
20040 19977 30660
20037 20023 30680
20049 19971 30700
20025 19905 30720
19990 19953 30740
19989 20013 30760
20023 20072 30780
20061 20018 30800
20063 19947 30820
20050 19938 30840
20033 19927 30860
20013 19943 30880
19993 19968 30900
19988 20040 30920
20011 20079 30940
20030 20076 30960
20041 20064 30980
20046 20046 31000
20045 20031 31020
20042 20016 31040
20036 20015 31060
20042 20001 31080
20050 20012 31100
20051 19991 31120
20052 19997 31140
20057 19999 31160
20059 20009 31180
20054 20019 31200
20044 20020 31220
20037 20027 31240
20026 20025 31260
20024 20026 31280
20022 20010 31300
20023 20028 31320
20015 20011 31340
20010 20023 31360
20006 20018 31380
20003 20012 31400
20010 20011 31420
20014 20017 31440
20022 20008 31460
20017 20008 31480
20017 20017 31500
20011 20012 31520
20004 20015 31540
19991 20015 31560
19973 20022 31580
19954 19981 31600
19969 19928 31620
20001 19943 31640
19995 19977 31660
19992 19865 31680
20067 19924 31700
20014 20056 31720
20012 19993 31740
20010 19977 31760
20050 20004 31780
20015 20063 31800
19979 20002 31820
19988 19967 31840
19986 19965 31860
19980 19968 31880
19994 19970 31900
19997 19980 31920
19991 19973 31940
19988 19967 31960
19992 19956 31980
19991 19948 32000
19991 19956 32020
19989 19964 32040
19998 20003 32060
20005 20013 32080
20015 20035 32100
20025 20022 32120
20030 19994 32140
20028 19986 32160
20027 20004 32180
20043 19992 32200
20021 19992 32220
20052 19900 32240
19992 19887 32260
19941 20009 32280
19956 20115 32300
20020 20140 32320
20072 20024 32340
20054 19987 32360
20028 19984 32380
20020 19991 32400
20018 20009 32420
20007 19983 32440
20006 20034 32460
20007 20000 32480
19985 20018 32500
19992 20069 32520
20008 20072 32540
20013 20024 32560
20007 20014 32580
20001 19985 32600
19996 19999 32620
19991 19994 32640
19987 19984 32660
19984 19978 32680
19975 19980 32700
19970 19995 32720
19968 19994 32740
19968 19982 32760
19967 19975 32780
19973 19992 32800
19986 20002 32820
19994 20024 32840
19999 20010 32860
20005 20024 32880
20012 20026 32900
20018 20023 32920
20021 20027 32940
20023 20033 32960
20025 20034 32980
20027 20032 33000
20030 20028 33020
20028 20018 33040
20041 20003 33060
20056 19963 33080
20073 19961 33100
20081 19968 33120
20059 20051 33140
20013 20088 33160
19988 19997 33180
20008 19927 33200
20002 19880 33220
20028 19826 33240
20061 19897 33260
20019 19983 33280
19988 19948 33300
19993 19915 33320
20006 19901 33340
20009 19923 33360
20011 19898 33380
20014 19910 33400
20018 19921 33420
20018 19950 33440
20007 19980 33460
19989 19988 33480
19974 19976 33500
19969 19958 33520
19975 19928 33540
19990 19900 33560
20005 19909 33580
20025 19903 33600
20042 19946 33620
20046 19980 33640
20036 20035 33660
20025 20063 33680
20015 20054 33700
20017 20043 33720
20023 20052 33740
20016 20078 33760
19996 20104 33780
19969 20104 33800
19942 20060 33820
19934 20005 33840
19948 19927 33860
19974 19905 33880
20001 19901 33900
20021 19884 33920
20007 19871 33940
19985 19924 33960
19991 19923 33980
19949 19928 34000
19905 20044 34020
19916 20172 34040
19963 20221 34060
20019 20188 34080
20060 20110 34100
20057 20007 34120
20022 20025 34140
20009 20074 34160
20027 20086 34180
20037 20076 34200
20051 20067 34220
20075 20003 34240
20066 19922 34260
20022 19904 34280
19979 19969 34300
19979 20029 34320
19993 20024 34340
20000 20042 34360
20000 20038 34380
20004 20077 34400
20001 20112 34420
19994 20124 34440
19999 20114 34460
20012 20105 34480
20026 20143 34500
19995 20183 34520
19963 20173 34540
19955 20143 34560
19941 20078 34580
19984 19971 34600
20031 20009 34620
20028 20034 34640
20025 20054 34660
20035 20040 34680
20051 20011 34700
20062 19977 34720
20053 19958 34740
20036 19962 34760
20025 19959 34780
20031 19947 34800
20034 19917 34820
20033 19901 34840
20027 19863 34860
20013 19856 34880
19995 19851 34900
19981 19859 34920
19973 19874 34940
19971 19898 34960
19977 19935 34980
19976 19989 35000
19963 20030 35020
19951 20036 35040
19948 20026 35060
19953 19979 35080
19967 19965 35100
19981 19934 35120
19998 19939 35140
20017 19954 35160
20027 19981 35180
20026 20009 35200
20018 20010 35220
20014 20005 35240
20015 20010 35260
20016 20015 35280
20017 20015 35300
20019 20023 35320
20020 20018 35340
20018 20034 35360
20014 20023 35380
20011 20047 35400
20008 20051 35420
20003 20056 35440
20001 20063 35460
19996 20058 35480
19992 20055 35500
19990 20057 35520
19985 20053 35540
19983 20038 35560
19982 20054 35580
19981 20034 35600
19982 20053 35620
19979 20057 35640
19981 20054 35660
19981 20056 35680
19982 20052 35700
19985 20053 35720
19990 20053 35740
19991 20052 35760
19993 20054 35780
19998 20044 35800
20003 20029 35820
20008 20033 35840
20007 20015 35860
20004 20022 35880
19999 20024 35900
19996 20031 35920
20000 20042 35940
20006 20038 35960
20014 20023 35980
20009 20004 36000
20000 20004 36020
19993 20020 36040
19986 20039 36060
19985 20045 36080
19999 20021 36100
19958 20006 36120
19950 20124 36140
19986 20119 36160
19997 20103 36180
20019 20116 36200
20050 20064 36220
20054 20020 36240
20056 20005 36260
20064 19969 36280
20055 19942 36300
20042 19939 36320
20030 19942 36340
20018 19957 36360
20011 19963 36380
20005 19989 36400
19998 20010 36420
19989 20016 36440
19976 20029 36460
19962 20026 36480
19950 20016 36500
19942 19998 36520
19941 19974 36540
19942 19944 36560
19948 19956 36580
19951 19940 36600
19958 19954 36620
19965 19948 36640
19972 19971 36660
19978 19977 36680
19984 19980 36700
19987 19987 36720
19989 19991 36740
19991 19996 36760
19993 20003 36780
19995 20011 36800
19995 19997 36820
19995 20017 36840
19994 20004 36860
19992 20019 36880
19988 20021 36900
19983 20011 36920
19978 20006 36940
19972 19992 36960
19968 19979 36980
19967 19962 37000
19967 19933 37020
19973 19890 37040
19980 19877 37060
19992 19841 37080
20006 19828 37100
20022 19804 37120
20041 19809 37140
20059 19810 37160
20075 19811 37180
20090 19825 37200
20108 19845 37220
20124 19881 37240
20137 19930 37260
20138 19992 37280
20120 20043 37300
20091 20100 37320
20062 20084 37340
20052 20082 37360
20048 20075 37380
20049 20032 37400
20066 19970 37420
20071 19933 37440
20062 19899 37460
20050 19880 37480
20051 19882 37500
20059 19915 37520
20069 19976 37540
20074 20035 37560
20065 20098 37580
20044 20115 37600
20023 20150 37620
20007 20159 37640
20003 20165 37660
20005 20163 37680
20008 20159 37700
20011 20160 37720
20011 20153 37740
20010 20156 37760
20003 20156 37780
19994 20157 37800
19983 20140 37820
19973 20151 37840
19961 20124 37860
19951 20131 37880
19938 20110 37900
19928 20084 37920
19916 20057 37940
19911 20021 37960
19913 19989 37980
19916 19956 38000
19926 19930 38020
19934 19915 38040
19943 19906 38060
19947 19888 38080
19950 19901 38100
19953 19894 38120
19955 19914 38140
19954 19914 38160
19958 19916 38180
19962 19919 38200
19968 19920 38220
19976 19916 38240
19983 19917 38260
19991 19917 38280
19999 19918 38300
20006 19926 38320
20013 19916 38340
20019 19927 38360
20025 19917 38380
20031 19934 38400
20030 19934 38420
20030 19938 38440
20030 19944 38460
20028 19947 38480
20026 19944 38500
20025 19951 38520
20023 19957 38540
20022 19940 38560
20019 19962 38580
20018 19956 38600
20018 19962 38620
20016 19928 38640
20005 19934 38660
19989 19928 38680
19970 19935 38700
19952 19957 38720
19947 19979 38740
19948 19992 38760
19959 20000 38780
19973 20010 38800
19984 20010 38820
19990 20029 38840
19993 20023 38860
19993 20039 38880
19993 20029 38900
19991 20056 38920
19986 20059 38940
19979 20062 38960
19974 20068 38980
19971 20059 39000
19973 20044 39020
19985 20029 39040
20002 20012 39060
20017 19988 39080
20033 20002 39100
20043 20018 39120
20049 20020 39140
20052 20021 39160
20050 20049 39180
20046 20064 39200
20038 20069 39220
20031 20076 39240
20025 20080 39260
20017 20073 39280
20009 20068 39300
20003 20051 39320
20001 20023 39340
20003 20012 39360
20009 19984 39380
20014 19994 39400
20018 19974 39420
20024 19990 39440
20029 19990 39460
20031 19996 39480
20035 20005 39500
20033 20004 39520
20036 20016 39540
20036 20025 39560
20038 20035 39580
20034 20034 39600
20032 20057 39620
20028 20052 39640
20026 20067 39660
20022 20069 39680
20020 20067 39700
20016 20066 39720
20008 20070 39740
20004 20076 39760
19998 20079 39780
19991 20074 39800
19988 20074 39820
19980 20065 39840
19974 20043 39860
19968 20046 39880
19967 20014 39900
19973 20009 39920
19976 19989 39940
19982 19975 39960
19993 19980 39980
19993 20004 40000
19977 20008 40020
19971 19978 40040
19992 19962 40060
20011 19959 40080
20018 19983 40100
20023 19978 40120
20026 19987 40140
20032 19967 40160
20034 19970 40180
20035 19956 40200
20039 19948 40220
20040 19957 40240
20032 19973 40260
20024 19976 40280
20026 19967 40300
20037 19980 40320
20032 19996 40340
20010 20023 40360
19991 19994 40380
19987 19998 40400
19988 20012 40420
19986 20042 40440
19979 20072 40460
19974 20089 40480
19974 20100 40500
19975 20108 40520
19977 20105 40540
19977 20096 40560
19978 20087 40580
19982 20069 40600
19991 20076 40620
20001 20060 40640
20013 20077 40660
20023 20064 40680
20029 20050 40700
20032 20033 40720
20028 20015 40740
20019 19995 40760
20014 19980 40780
20014 19960 40800
20017 19938 40820
20019 19947 40840
20008 19942 40860
19997 19954 40880
19997 19934 40900
20005 19947 40920
20009 19975 40940
20009 20000 40960
20004 20019 40980
20001 20027 41000
20000 20021 41020
20015 20026 41040
20023 20018 41060
20034 19992 41080
20032 20001 41100
20030 19969 41120
20029 19976 41140
20027 19956 41160
20011 19936 41180
19995 19972 41200
19986 19959 41220
19994 19965 41240
20008 19976 41260
20008 19985 41280
20017 20032 41300
20010 19991 41320
20006 19982 41340
19973 19967 41360
19929 20042 41380
19950 20108 41400
19983 20132 41420
20027 20053 41440
20005 20049 41460
20053 19963 41480
20032 19975 41500
20042 19908 41520
19945 20109 41540
19977 20004 41560
20159 19900 41580
20035 19852 41600
19813 19803 41620
19746 19940 41640
19933 19729 41660
19881 19785 41680
19926 19731 41700
20004 19794 41720
20122 19691 41740
20033 19806 41760
20016 19705 41780
20145 19743 41800
20121 19782 41820
20006 19786 41840
19860 19776 41860
19939 19727 41880
20072 19658 41900
20110 19793 41920
20067 20020 41940
20092 20120 41960
20154 20164 41980
20240 20188 42000
20274 20337 42020
20306 20524 42040
20320 20658 42060
20324 20613 42080
20317 20456 42100
20263 20242 42120
20191 20048 42140
20158 19865 42160
20177 19661 42180
20215 19559 42200
20232 19576 42220
20232 19620 42240
20239 19613 42260
20254 19605 42280
20247 19603 42300
20230 19643 42320
20229 19668 42340
20245 19697 42360
20259 19729 42380
20270 19779 42400
20293 19864 42420
20295 19913 42440
20275 19903 42460
20248 19881 42480
20206 19867 42500
20149 19856 42520
20114 19881 42540
20102 19879 42560
20109 19923 42580
20117 19956 42600
20117 19994 42620
20117 20038 42640
20114 20083 42660
20107 20134 42680
20098 20177 42700
20089 20200 42720
20080 20201 42740
20074 20204 42760
20071 20180 42780
20069 20202 42800
20064 20199 42820
20060 20216 42840
20060 20218 42860
20054 20226 42880
20047 20236 42900
20043 20234 42920
20039 20233 42940
20033 20241 42960
20020 20277 42980
20004 20298 43000
19991 20327 43020
19979 20325 43040
19965 20361 43060
19945 20394 43080
19917 20438 43100
19878 20494 43120
19828 20550 43140
19754 20605 43160
19664 20625 43180
19583 20589 43200
19522 20526 43220
19485 20443 43240
19465 20339 43260
19453 20249 43280
19453 20130 43300
19459 20058 43320
19475 19986 43340
19493 19929 43360
19515 19891 43380
19540 19869 43400
19560 19847 43420
19581 19836 43440
19603 19815 43460
19622 19773 43480
19643 19774 43500
19662 19747 43520
19680 19758 43540
19702 19711 43560
19729 19666 43580
19774 19581 43600
19826 19499 43620
19882 19439 43640
19945 19392 43660
20006 19375 43680
20052 19390 43700
20076 19420 43720
20075 19453 43740
20064 19488 43760
20054 19513 43780
20042 19551 43800
20034 19565 43820
20033 19585 43840
20033 19595 43860
20024 19597 43880
20013 19619 43900
20000 19663 43920
19995 19705 43940
20000 19732 43960
20019 19744 43980
20039 19734 44000
20052 19758 44020
20060 19754 44040
20061 19779 44060
20058 19785 44080
20054 19811 44100
20055 19822 44120
20060 19834 44140
20065 19854 44160
20058 19866 44180
20042 19880 44200
20020 19900 44220
19991 19928 44240
19956 19947 44260
19920 20002 44280
19884 20033 44300
19869 20080 44320
19864 20101 44340
19863 20115 44360
19863 20131 44380
19859 20146 44400
19862 20148 44420
19876 20119 44440
19892 20065 44460
19899 20004 44480
19905 20001 44500
19909 19987 44520
19916 20019 44540
19920 20040 44560
19934 20063 44580
19945 20088 44600
19945 20120 44620
19937 20152 44640
19919 20198 44660
19902 20265 44680
19889 20311 44700
19886 20315 44720
19890 20273 44740
19901 20262 44760
19910 20233 44780
19912 20259 44800
19908 20294 44820
19906 20340 44840
19906 20389 44860
19912 20450 44880
19922 20516 44900
19939 20576 44920
19967 20620 44940
19981 20606 44960
19984 20533 44980
19978 20377 45000
19989 20148 45020
20058 19864 45040
20161 19692 45060
20259 19623 45080
20327 19609 45100
20373 19623 45120
20396 19655 45140
20395 19682 45160
20374 19701 45180
20353 19713 45200
20333 19714 45220
20317 19732 45240
20306 19729 45260
20296 19758 45280
20287 19777 45300
20281 19798 45320
20272 19820 45340
20263 19828 45360
20256 19837 45380
20257 19838 45400
20252 19841 45420
20242 19848 45440
20231 19859 45460
20214 19859 45480
20190 19900 45500
20169 19900 45520
20154 19927 45540
20139 19933 45560
20118 19926 45580
20088 19919 45600
20045 19910 45620
19988 19922 45640
19924 19960 45660
19863 20018 45680
19822 20072 45700
19801 20107 45720
19788 20121 45740
19774 20168 45760
19755 20201 45780
19741 20256 45800
19741 20268 45820
19746 20259 45840
19743 20253 45860
19732 20258 45880
19730 20288 45900
19739 20294 45920
19756 20290 45940
19791 20291 45960
19813 20294 45980
19827 20277 46000
19838 20289 46020
19846 20279 46040
19848 20318 46060
19846 20395 46080
19845 20508 46100
19860 20626 46120
19883 20706 46140
19913 20760 46160
19939 20783 46180
19966 20786 46200
19987 20773 46220
20009 20759 46240
20031 20731 46260
20052 20729 46280
20067 20686 46300
20082 20678 46320
20097 20654 46340
20114 20625 46360
20133 20601 46380
20147 20569 46400
20154 20541 46420
20150 20523 46440
20140 20509 46460
20131 20492 46480
20117 20487 46500
20114 20462 46520
20120 20448 46540
20131 20397 46560
20142 20379 46580
20156 20343 46600
20171 20315 46620
20183 20292 46640
20185 20279 46660
20186 20296 46680
20181 20298 46700
20174 20275 46720
20171 20231 46740
20169 20200 46760
20160 20126 46780
20154 20110 46800
20146 20077 46820
20135 20080 46840
20115 20077 46860
20091 20072 46880
20067 20068 46900
20035 20061 46920
19990 20057 46940
19938 20030 46960
19871 19977 46980
19812 19870 47000
19768 19770 47020
19751 19642 47040
19746 19565 47060
19753 19509 47080
19761 19495 47100
19770 19506 47120
19774 19508 47140
19772 19493 47160
19758 19494 47180
19757 19508 47200
19763 19533 47220
19781 19566 47240
19802 19584 47260
19838 19626 47280
19857 19625 47300
19868 19637 47320
19875 19627 47340
19883 19613 47360
19890 19603 47380
19895 19601 47400
19901 19623 47420
19906 19664 47440
19908 19702 47460
19916 19729 47480
19928 19808 47500
19940 19882 47520
19960 19997 47540
19984 20108 47560
20025 20215 47580
20075 20285 47600
20114 20299 47620
20139 20268 47640
20169 20229 47660
20182 20193 47680
20195 20162 47700
20207 20122 47720
20216 20058 47740
20214 20027 47760
20208 19985 47780
20197 19998 47800
20179 20003 47820
20166 20009 47840
20166 20009 47860
20179 20002 47880
20191 19983 47900
20207 19960 47920
20217 19924 47940
20211 19911 47960
20180 19947 47980
20151 19991 48000
20116 20064 48020
20071 20092 48040
20027 20130 48060
19993 20103 48080
19982 20078 48100
19957 20106 48120
19936 19951 48140
20011 19706 48160
20074 19578 48180
20127 19490 48200
20234 19409 48220
20367 19302 48240
20517 19246 48260
20585 19319 48280
20593 19400 48300
20579 19527 48320
20553 19633 48340
20526 19732 48360
20491 19787 48380
20454 19775 48400
20435 19730 48420
20413 19727 48440
20376 19728 48460
20338 19677 48480
20310 19612 48500
20296 19492 48520
20279 19428 48540
20256 19378 48560
20227 19373 48580
20180 19385 48600
20137 19400 48620
20106 19418 48640
20086 19443 48660
20077 19465 48680
20075 19487 48700
20073 19500 48720
20070 19507 48740
20060 19558 48760
20051 19581 48780
20043 19618 48800
20040 19640 48820
20037 19663 48840
20030 19692 48860
20022 19712 48880
20015 19728 48900
20008 19732 48920
20000 19744 48940
19990 19768 48960
19989 19795 48980
19993 19802 49000
19992 19812 49020
20002 19806 49040
20000 19821 49060
20015 19777 49080
20049 19777 49100
20088 19778 49120
20154 19835 49140
20218 20030 49160
20209 20354 49180
20084 20780 49200
19832 21061 49220
19595 21100 49240
19412 20938 49260
19331 20651 49280
19368 20199 49300
19665 19868 49320
19859 20452 49340
19465 20454 49360
19720 20140 49380
19656 20387 49400
19607 20196 49420
19663 20230 49440
19754 20288 49460
19725 20237 49480
19697 20187 49500
19764 20155 49520
19749 20191 49540
19743 20038 49560
19829 20075 49580
19832 20150 49600
19861 20199 49620
19844 20285 49640
19815 20297 49660
19798 20261 49680
19806 20214 49700
19805 20224 49720
19807 20205 49740
19802 20205 49760
19801 20185 49780
19785 20181 49800
19805 20120 49820
19857 20126 49840
19851 20214 49860
19784 20222 49880
19792 20099 49900
19858 20081 49920
19838 20136 49940
19833 20057 49960
19861 19984 49980
19895 19982 50000
19897 19984 50020
19898 20013 50040
19889 20003 50060
19918 20036 50080
19910 20112 50100
19895 20129 50120
19890 20123 50140
19897 20124 50160
19914 20138 50180
19944 20129 50200
19975 20087 50220
19984 20039 50240
19967 20008 50260
19938 20050 50280
19930 20077 50300
19938 20090 50320
19945 20058 50340
19940 20021 50360
19935 20008 50380
19944 20002 50400
19966 19987 50420
19994 19979 50440
20017 19986 50460
20033 19979 50480
20053 20022 50500
20056 20073 50520
20017 20142 50540
19983 20094 50560
20000 20047 50580
19996 20066 50600
20000 20041 50620
20000 20065 50640
19973 20026 50660
20008 19957 50680
20036 20017 50700
20004 20053 50720
19993 19997 50740
20001 19987 50760
20013 19954 50780
20030 19997 50800
20021 20037 50820
20007 20043 50840
20004 20044 50860
20000 20050 50880
19999 20048 50900
20002 20050 50920
20004 20058 50940
20007 20059 50960
20007 20053 50980
20007 20037 51000
20002 20042 51020
19996 20031 51040
19995 20067 51060
19999 20075 51080
20002 20062 51100
19997 20056 51120
19992 20064 51140
19996 20072 51160
20003 20075 51180
20011 20073 51200
20017 20059 51220
20021 20059 51240
20020 20050 51260
20021 20061 51280
20023 20041 51300
20024 20062 51320
20022 20067 51340
20020 20069 51360
20018 20078 51380
20013 20082 51400
20009 20081 51420
20004 20081 51440
19997 20076 51460
19989 20050 51480
19982 20043 51500
19980 20005 51520
19984 19988 51540
19993 19946 51560
20004 19937 51580
20019 19926 51600
20033 19922 51620
20051 19934 51640
20065 19958 51660
20068 20007 51680
20054 20053 51700
20028 20082 51720
20005 20070 51740
19987 20069 51760
19980 20020 51780
19985 20001 51800
20000 19971 51820
20013 19993 51840
20016 20021 51860
20011 20040 51880
20000 20048 51900
19987 20050 51920
19979 20041 51940
19972 20035 51960
19969 20033 51980
19970 20025 52000
19970 20020 52020
19971 20010 52040
19975 20012 52060
19977 19998 52080
19981 20014 52100
19985 20009 52120
19991 19999 52140
19994 19992 52160
19999 19979 52180
20004 19970 52200
20010 19966 52220
20013 19964 52240
20017 19941 52260
20021 19946 52280
20023 19934 52300
20024 19949 52320
20031 19932 52340
20037 19940 52360
20045 19933 52380
20041 19900 52400
20030 19907 52420
20037 19945 52440
20047 19896 52460
20029 19973 52480
20084 19954 52500
20047 19917 52520
20035 20016 52540
20025 19990 52560
20014 19993 52580
20025 19974 52600
20037 19960 52620
20035 19970 52640
20030 19985 52660
20019 19984 52680
20009 19982 52700
20037 19965 52720
20049 19904 52740
19996 19975 52760
20023 20060 52780
19989 20051 52800
19991 20073 52820
20067 19843 52840
19942 20152 52860
20190 19992 52880
20230 20025 52900
20005 20131 52920
19739 20136 52940
19723 20101 52960
19853 19951 52980
20112 19887 53000
20254 20191 53020
20263 20261 53040
20296 19978 53060
20216 19752 53080
20151 19728 53100
20117 19732 53120
20084 19701 53140
20030 19646 53160
19995 19605 53180
19994 19576 53200
19997 19587 53220
19993 19624 53240
20002 19632 53260
20021 19652 53280
20014 19632 53300
20023 19678 53320
20050 19727 53340
20088 19800 53360
20128 19915 53380
20145 20085 53400
20124 20253 53420
20094 20318 53440
20088 20306 53460
20090 20266 53480
20102 20215 53500
20106 20127 53520
20104 20070 53540
20088 20002 53560
20073 19999 53580
20065 20001 53600
20058 20006 53620
20048 20004 53640
20036 19996 53660
20025 19984 53680
20012 19971 53700
19983 19952 53720
19960 19933 53740
19951 19959 53760
19944 19949 53780
19945 19967 53800
19945 19947 53820
19950 19968 53840
19966 19970 53860
19989 19971 53880
20002 19989 53900
20005 19996 53920
20007 20005 53940
20006 20016 53960
20002 20034 53980
20004 20044 54000
20013 20058 54020
20008 20006 54040
19992 20001 54060
19983 19980 54080
19955 20010 54100
20105 20280 54120
20127 20541 54140
19970 20253 54160
20061 20262 54180
19987 20850 54200
19763 20626 54220
19785 20525 54240
19755 20710 54260
19882 20392 54280
19904 20497 54300
19928 20410 54320
19917 20350 54340
19908 20353 54360
19902 20342 54380
19895 20321 54400
19907 20300 54420
19893 20289 54440
19912 20310 54460
19904 20340 54480
19914 20315 54500
19939 20274 54520
19959 20259 54540
19968 20218 54560
19974 20220 54580
19979 20183 54600
19984 20183 54620
19988 20154 54640
19980 20132 54660
19972 20129 54680
19969 20131 54700
19975 20130 54720
19985 20116 54740
19993 20094 54760
19993 20057 54780
19985 20060 54800
19976 20054 54820
19977 20086 54840
19982 20086 54860
19983 20073 54880
19984 20064 54900
19979 20063 54920
19981 20060 54940
19988 20058 54960
19995 20045 54980
19993 20023 55000
19987 20018 55020
19979 20019 55040
19981 20049 55060
19994 20039 55080
20012 20048 55100
20019 20023 55120
20019 19997 55140
20014 19980 55160
20008 19969 55180
20001 19971 55200
19996 19976 55220
19992 19980 55240
19993 19975 55260
19996 19985 55280
19997 19966 55300
19997 19974 55320
19995 19971 55340
19991 19973 55360
19989 19973 55380
19985 19981 55400
19985 19984 55420
19988 19994 55440
19993 20000 55460
19999 19975 55480
20012 19982 55500
20015 19950 55520
20015 19943 55540
20012 19918 55560
20007 19932 55580
20005 19936 55600
20001 19941 55620
20008 19947 55640
20010 19946 55660
20008 19949 55680
20009 19961 55700
20007 19969 55720
20010 19963 55740
20012 19973 55760
20012 19941 55780
20011 19954 55800
20007 19943 55820
20000 19946 55840
20009 19953 55860
20005 19969 55880
20011 19940 55900
20011 19968 55920
19992 19941 55940
20005 19952 55960
19999 19994 55980
20008 19932 56000
20019 19985 56020
20014 19907 56040
20010 19952 56060
20014 19925 56080
19998 19930 56100
19999 19959 56120
20006 19949 56140
19994 19959 56160
20017 19974 56180
20012 19941 56200
20005 19961 56220
20020 19940 56240
20002 19929 56260
20012 19929 56280
19994 19939 56300
20005 19938 56320
20014 19967 56340
20002 19940 56360
20017 19934 56380
20011 19957 56400
19992 19953 56420
20007 19936 56440
20026 19925 56460
20022 19915 56480
20012 19955 56500
20007 19950 56520
20001 19958 56540
19994 19954 56560
19991 19947 56580
19993 19943 56600
19992 19952 56620
19997 19954 56640
20001 19961 56660
20009 19957 56680
20017 19951 56700
20021 19940 56720
20012 19928 56740
20006 19939 56760
20000 19942 56780
20006 19976 56800
20018 19983 56820
20020 19963 56840
20014 19953 56860
20006 19938 56880
20001 19924 56900
20001 19919 56920
20005 19921 56940
20010 19928 56960
20014 19942 56980
20015 19936 57000
20015 19962 57020
20011 19949 57040
20006 19971 57060
20000 19975 57080
19993 19980 57100
19988 19989 57120
19984 19986 57140
19985 19988 57160
19983 19989 57180
19982 19990 57200
19982 19996 57220
19981 20000 57240
19982 19993 57260
19984 20010 57280
19988 20003 57300
19991 20019 57320
19995 20016 57340
19999 20016 57360
20005 20013 57380
20008 20002 57400
20014 19989 57420
20016 19980 57440
20016 19972 57460
20016 19950 57480
20013 19960 57500
20012 19942 57520
20011 19957 57540
20008 19937 57560
20006 19950 57580
20002 19948 57600
19998 19944 57620
19995 19939 57640
19993 19937 57660
19995 19936 57680
19995 19932 57700
20000 19931 57720
20003 19916 57740
20007 19931 57760
20014 19916 57780
20019 19936 57800
20021 19940 57820
20021 19944 57840
20021 19950 57860
20017 19953 57880
20012 19961 57900
20007 19963 57920
20003 19968 57940
19998 19970 57960
19996 19982 57980
19995 19974 58000
19994 20000 58020
20001 20009 58040
20015 20022 58060
20033 20010 58080
20036 19982 58100
20022 19970 58120
20007 19995 58140
20010 20015 58160
20023 20021 58180
20030 20004 58200
20031 20000 58220
20025 19984 58240
20022 19970 58260
20017 19988 58280
20016 19972 58300
20014 19984 58320
20011 19987 58340
20009 19987 58360
20009 19988 58380
20007 19985 58400
20005 19989 58420
20003 19988 58440
20003 19991 58460
20001 19979 58480
20001 19989 58500
20002 19976 58520
20001 19989 58540
20001 19975 58560
20002 19989 58580
20002 19989 58600
20001 19994 58620
20002 19994 58640
20002 20001 58660
20001 20007 58680
20000 20009 58700
20002 20012 58720
20003 20007 58740
20009 20024 58760
20015 20001 58780
20020 20008 58800
20023 20002 58820
20022 19992 58840
20021 19989 58860
20016 19984 58880
20011 19984 58900
20010 19988 58920
20008 19992 58940
20006 19991 58960
20005 20000 58980
20002 19991 59000
19999 20003 59020
19995 19992 59040
19993 20010 59060
19993 20016 59080
19992 20017 59100
19993 20018 59120
19993 20015 59140
19993 20015 59160
19994 20022 59180
19994 20018 59200
19994 20014 59220
19996 20016 59240
19999 20004 59260
20004 20006 59280
20000 19997 59300
20002 20019 59320
20003 20014 59340
20005 20016 59360
20012 20012 59380
20007 20001 59400
19999 20012 59420
19996 20028 59440
19994 20034 59460
19995 20019 59480
19996 20035 59500
19997 20014 59520
19996 20029 59540
19997 20028 59560
19997 20022 59580
19998 20015 59600
19997 20016 59620
19997 20017 59640
19997 20017 59660
19997 20017 59680
19997 20013 59700
19997 20010 59720
19999 19998 59740
20000 20012 59760
20000 19991 59780
19999 20007 59800
19999 20009 59820
20000 20010 59840
20002 20013 59860
20000 20011 59880
20001 20015 59900
20000 20015 59920
20002 20013 59940
20003 20008 59960
20003 20003 59980
20003 19989 60000
20004 20006 60020
20004 19983 60040
20006 20002 60060
20012 20001 60080
20016 19985 60100
20013 19979 60120
20004 19987 60140
19999 19986 60160
20000 20012 60180
20014 20008 60200
20013 20004 60220
20003 19992 60240
19994 19995 60260
19994 20023 60280
20000 20011 60300
20005 20031 60320
20008 20031 60340
20009 20030 60360
20009 20031 60380
20007 20024 60400
20005 20017 60420
20006 20020 60440
20005 20018 60460
20004 20005 60480
20003 20017 60500
20003 20002 60520
20003 20019 60540
20004 20005 60560
20005 20014 60580
20006 20020 60600
20006 20019 60620
20006 20017 60640
20006 20013 60660
20008 20016 60680
20009 20014 60700
20008 20009 60720
20011 19992 60740
20013 20000 60760
20015 19983 60780
20017 19996 60800
20018 19994 60820
20018 19992 60840
20018 19992 60860
20018 19991 60880
20016 19989 60900
20016 19990 60920
20014 19990 60940
20014 19985 60960
20014 19983 60980
20016 19969 61000
20015 19987 61020
20015 19970 61040
20014 19989 61060
20015 19995 61080
20014 19996 61100
20013 19994 61120
20014 19996 61140
20014 20000 61160
20014 20002 61180
20014 20001 61200
20016 19995 61220
20017 19989 61240
20019 19970 61260
20019 19980 61280
20017 19950 61300
20014 19970 61320
20010 19970 61340
20008 19970 61360
20007 19973 61380
20004 19972 61400
20007 19973 61420
20006 19978 61440
20007 19980 61460
20005 19957 61480
20005 19980 61500
20006 19959 61520
20005 19980 61540
20007 19971 61560
20004 19982 61580
20005 19984 61600
20003 19981 61620
20003 19982 61640
20001 19986 61660
19999 19986 61680
19997 19991 61700
19995 19997 61720
19992 19986 61740
19988 20009 61760
19987 19999 61780
19986 20028 61800
19987 20035 61820
19988 20037 61840
19990 20040 61860
19990 20040 61880
19993 20040 61900
19993 20037 61920
19995 20036 61940
19995 20035 61960
19996 20029 61980
19996 20020 62000
19995 20030 62020
19997 20010 62040
19998 20027 62060
20000 20030 62080
20000 20028 62100
20001 20028 62120
20002 20024 62140
20004 20020 62160
20005 20017 62180
20008 20016 62200
20008 20011 62220
20010 20009 62240
20010 20002 62260
20008 20007 62280
20008 19996 62300
20007 20007 62320
20003 20011 62340
20000 20007 62360
19995 20001 62380
19992 19990 62400
19990 19983 62420
19993 19975 62440
19996 19973 62460
20001 19962 62480
20007 19988 62500
20010 19986 62520
20010 20013 62540
20007 20009 62560
20002 20037 62580
19993 20044 62600
19985 20035 62620
19983 20027 62640
19981 20021 62660
19983 20009 62680
19987 20004 62700
19992 20001 62720
19997 19984 62740
20002 20000 62760
20003 19991 62780
20003 20001 62800
20009 19975 62820
20017 19991 62840
20007 20009 62860
19994 20003 62880
20003 19976 62900
20012 19989 62920
20003 19998 62940
19999 19998 62960
20002 19995 62980
20003 19988 63000
20014 19987 63020
20014 20003 63040
20003 20024 63060
19995 19995 63080
19993 20004 63100
19994 19998 63120
19995 19995 63140
19994 20005 63160
19996 20025 63180
20005 20033 63200
20014 20019 63220
20008 20006 63240
20008 19994 63260
19997 20001 63280
19994 20000 63300
20012 20002 63320
19993 19994 63340
19991 20027 63360
20006 20001 63380
19993 20012 63400
19995 20015 63420
19999 20022 63440
20000 20008 63460
19992 20010 63480
19992 20021 63500
20001 20007 63520
20004 20000 63540
19997 19989 63560
19993 20009 63580
19996 20017 63600
20002 20022 63620
20010 20022 63640
20017 20016 63660
20022 20003 63680
20023 20001 63700
20024 19999 63720
20025 19991 63740
20022 20004 63760
20021 20002 63780
20019 20008 63800
20019 20002 63820
20015 20019 63840
20010 20029 63860
20002 20028 63880
19995 20024 63900
19991 20015 63920
19990 20011 63940
19988 20005 63960
19991 20002 63980
19990 19983 64000
19991 19998 64020
19988 19982 64040
19987 19998 64060
19986 19998 64080
19984 19997 64100
19982 19992 64120
19984 19989 64140
19984 19988 64160
19983 19983 64180
19986 19985 64200
19985 19982 64220
19986 19979 64240
19987 19962 64260
19991 19973 64280
19995 19955 64300
19997 19971 64320
20000 19972 64340
20003 19973 64360
20005 19981 64380
20006 19984 64400
20009 19983 64420
20011 19991 64440
20013 20000 64460
20012 20009 64480
20010 20018 64500
20006 20010 64520
20006 20025 64540
20005 20006 64560
20006 20022 64580
20007 20019 64600
20005 20010 64620
20006 20007 64640
20009 20000 64660
20008 19990 64680
20010 19991 64700
20012 19990 64720
20014 19977 64740
20017 19991 64760
20018 19983 64780
20021 19999 64800
20022 19990 64820
20020 20009 64840
20020 20015 64860
20016 20023 64880
20013 20033 64900
20007 20038 64920
20002 20031 64940
19998 20027 64960
20000 20021 64980
20000 20006 65000
20000 20010 65020
20001 20002 65040
19999 20008 65060
19999 19999 65080
20001 20015 65100
20001 20015 65120
20003 20015 65140
20003 20015 65160
20006 20016 65180
20008 20006 65200
20012 20006 65220
20010 20002 65240
20010 19997 65260
20010 19997 65280
20008 19994 65300
20006 19997 65320
20005 19990 65340
20005 20008 65360
20001 20016 65380
20001 20015 65400
19999 20019 65420
19998 20023 65440
19998 20020 65460
19996 20022 65480
19998 20019 65500
19998 20008 65520
19998 20014 65540
20000 20001 65560
20002 20007 65580
20004 19996 65600
20005 20011 65620
20006 20014 65640
20008 20013 65660
20009 20010 65680
20010 20014 65700
20012 20013 65720
20012 20011 65740
20010 20009 65760
20010 19998 65780
20011 20008 65800
20010 19999 65820
20009 20004 65840
20010 20003 65860
20010 20000 65880
20011 19999 65900
20008 19999 65920
20009 19999 65940
20009 19994 65960
20007 19997 65980
20008 19996 66000
20008 19992 66020
20008 19986 66040
20008 19997 66060
20005 19984 66080
20003 19999 66100
20001 20003 66120
19996 20004 66140
19995 20010 66160
19990 20006 66180
19989 20008 66200
19985 20004 66220
19986 20007 66240
19983 20000 66260
19981 19999 66280
19979 19978 66300
19983 19972 66320
19992 19955 66340
20003 19965 66360
20015 19980 66380
20013 20009 66400
19989 20022 66420
19976 19991 66440
19993 19965 66460
20010 19984 66480
20000 20019 66500
19984 19996 66520
19986 19995 66540
19989 19982 66560
19992 20001 66580
19998 20010 66600
20000 20014 66620
19998 20021 66640
19990 20021 66660
19986 20019 66680
19990 20007 66700
20006 20002 66720
20003 20016 66740
20000 20005 66760
20005 19994 66780
20005 20005 66800
20005 19995 66820
19996 20008 66840
20003 19988 66860
20010 19996 66880
20000 20010 66900
19995 19990 66920
20007 19982 66940
20011 19996 66960
20000 20008 66980
19992 19999 67000
19998 19979 67020
20010 19971 67040
20011 20002 67060
19997 19994 67080
19992 19992 67100
20005 19987 67120
20006 20009 67140
19990 19996 67160
20007 19985 67180
20003 20007 67200
19992 19987 67220
20004 19975 67240
20016 19989 67260
20018 20004 67280
20014 20002 67300
20010 20015 67320
20012 20005 67340
20017 20013 67360
20018 20004 67380
20016 19989 67400
20005 19990 67420
19995 20014 67440
20001 20027 67460
20013 20018 67480
20015 19999 67500
20007 19984 67520
19999 19994 67540
19991 19997 67560
19990 20023 67580
19997 20029 67600
20004 20026 67620
20010 20018 67640
20014 19994 67660
20011 19990 67680
19996 19983 67700
19981 20010 67720
19981 20046 67740
19997 20052 67760
20011 20028 67780
20004 20009 67800
19992 20006 67820
19992 20031 67840
20003 20027 67860
20002 20017 67880
19998 20023 67900
19999 20014 67920
20002 20009 67940
20001 20020 67960
20002 20013 67980
19999 19989 68000
19999 20003 68020
19999 19992 68040
19997 20014 68060
20000 19997 68080
20004 20006 68100
20004 19999 68120
20004 20000 68140
20008 20003 68160
20011 20003 68180
20014 19997 68200
20014 20001 68220
20010 20004 68240
20008 19996 68260
20008 20012 68280
20007 20006 68300
20009 20013 68320
20010 20001 68340
20010 20009 68360
20010 20008 68380
20008 20006 68400
20008 20002 68420
20005 20002 68440
20005 19997 68460
20002 19998 68480
20002 19995 68500
20002 19989 68520
20003 19997 68540
20005 19992 68560
20005 19992 68580
20006 19997 68600
20007 19994 68620
20005 19996 68640
20005 19993 68660
20008 19989 68680
20007 19989 68700
20008 19991 68720
20009 19992 68740
20010 19994 68760
20007 19983 68780
20009 19990 68800
20008 19972 68820
20006 19990 68840
20005 19995 68860
20004 20000 68880
20002 20011 68900
19996 20009 68920
19997 19995 68940
20007 19995 68960
20002 20007 68980
19991 19993 69000
19991 20001 69020
19998 19995 69040
19999 20008 69060
19996 19989 69080
20003 20002 69100
20006 20016 69120
19998 20028 69140
19993 20016 69160
19996 20008 69180
20004 20001 69200
20010 20013 69220
19999 20018 69240
19997 20006 69260
20008 19994 69280
20015 20009 69300
19997 20031 69320
19998 19982 69340
20012 20006 69360
20011 20028 69380
19998 20030 69400
19994 20012 69420
20004 19997 69440
20018 20007 69460
20015 20027 69480
20002 20029 69500
19994 20004 69520
19999 19998 69540
20011 19980 69560
20016 20000 69580
20016 19992 69600
20013 20002 69620
20009 19993 69640
20001 19990 69660
19991 19997 69680
19985 20013 69700
19984 20027 69720
19987 20032 69740
19995 20031 69760
20001 20021 69780
20005 20015 69800
20007 19997 69820
20007 20002 69840
20006 19999 69860
20004 19998 69880
20003 19996 69900
20001 19998 69920
19998 19998 69940
19995 19998 69960
19992 19998 69980
19992 20000 70000
19991 19998 70020
19990 19999 70040
19989 20008 70060
19989 20009 70080
19990 20016 70100
19994 20026 70120
19998 20024 70140
20002 20028 70160
20006 20023 70180
20008 20019 70200
20010 20015 70220
20013 20014 70240
20015 20014 70260
20015 20012 70280
20015 20002 70300
20016 20007 70320
20015 19992 70340
20015 20007 70360
20015 20002 70380
20014 19990 70400
20004 19984 70420
19994 19986 70440
19984 20006 70460
19986 20029 70480
20003 20028 70500
20007 20001 70520
19998 20008 70540
19997 20001 70560
19997 20017 70580
19998 20010 70600
20002 20025 70620
20007 20027 70640
20010 20021 70660
20012 20019 70680
20013 20020 70700
20016 20019 70720
20014 20018 70740
20014 20018 70760
20013 20003 70780
20013 20021 70800
20011 20003 70820
20010 20022 70840
20006 20023 70860
20002 20021 70880
20002 20022 70900
20001 20019 70920
20001 20016 70940
20001 20011 70960
20002 20006 70980
20008 20001 71000
20017 19998 71020
20023 20001 71040
20016 20028 71060
20004 20013 71080
19999 20007 71100
20009 19990 71120
20022 19992 71140
20021 20011 71160
20012 20010 71180
19999 19991 71200
20006 19973 71220
20020 19973 71240
20024 19991 71260
20016 20006 71280
20003 19998 71300
19995 20000 71320
19993 19964 71340
20003 19967 71360
20014 19970 71380
20019 19981 71400
20020 19994 71420
20017 20007 71440
20015 20011 71460
20013 20018 71480
20009 20017 71500
20005 20003 71520
20006 20019 71540
20007 20002 71560
20010 20012 71580
20011 19994 71600
20014 19999 71620
20014 19993 71640
20012 19986 71660
20010 19975 71680
20004 19970 71700
19999 19973 71720
19993 19977 71740
19987 19989 71760
19987 19986 71780
19986 20006 71800
19989 20001 71820
19994 20016 71840
20000 20017 71860
20003 20014 71880
20006 20012 71900
20010 20015 71920
20011 20006 71940
20013 20005 71960
20012 20002 71980
20013 20001 72000
20014 20001 72020
20013 19983 72040
20015 19996 72060
20012 19976 72080
20012 19990 72100
20011 19994 72120
20008 19991 72140
20007 19995 72160
20002 19991 72180
20000 19989 72200
19996 19995 72220
19994 19995 72240
19991 19994 72260
19990 19995 72280
19988 19983 72300
19988 19995 72320
19986 19984 72340
19985 20007 72360
19985 20015 72380
19985 20021 72400
19996 20029 72420
20003 20021 72440
20006 20004 72460
20003 19990 72480
19991 19992 72500
19982 19990 72520
19983 20017 72540
19986 20009 72560
19987 20025 72580
19989 20018 72600
19989 20031 72620
19992 20033 72640
20001 20032 72660
20012 20018 72680
20016 19989 72700
20006 19980 72720
19991 19988 72740
19987 20015 72760
19991 20017 72780
20003 20034 72800
20007 20007 72820
20011 20014 72840
20011 20016 72860
20011 20009 72880
20010 20006 72900
20009 20006 72920
20010 20004 72940
20009 20001 72960
20009 20000 72980
20011 20000 73000
20010 20001 73020
20011 19984 73040
20013 19994 73060
20012 19977 73080
20011 19990 73100
20009 19994 73120
20006 19990 73140
20004 19992 73160
20002 19990 73180
19997 19990 73200
19996 19996 73220
19993 19998 73240
19993 20000 73260
19991 20003 73280
19992 19998 73300
19991 20009 73320
19992 19994 73340
19992 20013 73360
19993 20009 73380
19994 20007 73400
19996 20006 73420
19997 20000 73440
19999 19997 73460
20001 19997 73480
20001 19998 73500
20000 19984 73520
19999 20000 73540
19998 19996 73560
19995 20012 73580
19996 20005 73600
19999 20021 73620
20000 20022 73640
20006 20015 73660
20009 20011 73680
20009 20005 73700
20010 19998 73720
20008 20000 73740
20008 19999 73760
20005 19983 73780
20005 19997 73800
20004 19984 73820
20004 19997 73840
20003 20002 73860
20002 20000 73880
20003 20001 73900
20002 19996 73920
20002 19994 73940
20002 19998 73960
20003 20003 73980
20004 20002 74000
20005 19999 74020
20007 19990 74040
20007 20001 74060
20005 19990 74080
20005 20006 74100
20003 20005 74120
20003 20005 74140
20004 20002 74160
20006 20001 74180
20004 20004 74200
20004 20005 74220
20004 20006 74240
20004 19994 74260
20003 20006 74280
20003 19988 74300
20003 20003 74320
20003 19993 74340
20005 20010 74360
20005 20012 74380
20005 20015 74400
20005 20015 74420
20003 20016 74440
20005 20012 74460
20006 20011 74480
20008 20014 74500
20007 19999 74520
20008 20014 74540
20006 20002 74560
20000 20010 74580
20009 19995 74600
20019 20001 74620
20015 20012 74640
20010 20009 74660
20007 19991 74680
20022 19986 74700
20014 20009 74720
20001 19991 74740
20010 19980 74760
20014 19979 74780
20001 19997 74800
19998 19966 74820
20008 19975 74840
20013 20001 74860
20001 20011 74880
19997 19995 74900
20005 19979 74920
20017 19987 74940
20014 20002 74960
20008 20011 74980
20002 20006 75000
19998 20001 75020
19996 19992 75040
19996 19995 75060
19995 19991 75080
19998 20007 75100
20002 20012 75120
20009 20015 75140
20014 20011 75160
20015 20009 75180
20019 19999 75200
20016 19990 75220
20003 19990 75240
19993 19992 75260
19994 20030 75280
20005 20025 75300
20016 20028 75320
20020 20016 75340
20017 20001 75360
20010 19993 75380
20005 19993 75400
20000 19998 75420
19991 20001 75440
19987 20009 75460
19983 20016 75480
19983 20022 75500
19985 20016 75520
19985 20036 75540
19987 20020 75560
19988 20038 75580
19989 20038 75600
19990 20035 75620
19991 20035 75640
19993 20034 75660
19992 20036 75680
19994 20035 75700
19993 20031 75720
19994 20031 75740
19993 20032 75760
19993 20028 75780
19993 20031 75800
19994 20014 75820
19996 20025 75840
19999 20027 75860
20001 20023 75880
20004 20021 75900
20005 20018 75920
20006 20010 75940
20008 20010 75960
20008 20009 75980
20009 20004 76000
20010 20004 76020
20010 19992 76040
20010 20001 76060
20009 19980 76080
20010 19995 76100
20008 19990 76120
20008 19988 76140
20006 19987 76160
20004 19988 76180
20003 19985 76200
20001 19991 76220
20001 19985 76240
19996 19979 76260
19990 19993 76280
19986 19993 76300
19989 20018 76320
19999 20008 76340
20012 20015 76360
20013 19991 76380
20000 19984 76400
19993 19997 76420
19994 20015 76440
19998 20016 76460
20003 20016 76480
20005 20010 76500
20006 19992 76520
20008 20002 76540
20008 19989 76560
20009 19995 76580
20007 19980 76600
20007 19990 76620
20008 19987 76640
20006 19990 76660
20009 19992 76680
20010 19991 76700
20010 19992 76720
20010 19997 76740
20010 19999 76760
20010 20002 76780
20008 20006 76800
20007 20002 76820
20005 20020 76840
20002 20001 76860
19999 20021 76880
19998 20025 76900
19997 20022 76920
19997 20023 76940
19996 20022 76960
19996 20019 76980
19996 20018 77000
19998 20021 77020
19999 20010 77040
20000 20017 77060
20000 19997 77080
20001 20013 77100
20003 20008 77120
20004 20003 77140
20006 19999 77160
20009 19991 77180
20009 19992 77200
20007 19986 77220
20005 19984 77240
20001 19985 77260
19995 19985 77280
19990 19981 77300
19989 19994 77320
19988 19988 77340
19988 20005 77360
19990 20014 77380
19992 20013 77400
19992 20015 77420
19994 20014 77440
19994 20013 77460
19997 20017 77480
19999 20016 77500
19998 20008 77520
19999 20020 77540
19999 20009 77560
20000 20018 77580
20000 20009 77600
20000 20022 77620
19998 20021 77640
19998 20020 77660
19997 20018 77680
19996 20011 77700
19998 20007 77720
19998 20002 77740
20003 19994 77760
20009 19972 77780
20017 19986 77800
20019 19976 77820
20014 20005 77840
20009 20009 77860
20002 19995 77880
20005 19973 77900
20020 19986 77920
20008 20017 77940
19994 19989 77960
20001 19986 77980
20010 19981 78000
20015 19993 78020
20002 19996 78040
19993 19994 78060
20001 19954 78080
20012 19966 78100
20021 19973 78120
20023 19977 78140
20026 19981 78160
20027 19988 78180
20025 19996 78200
20026 19995 78220
20024 19995 78240
20023 19986 78260
20022 19995 78280
20020 19980 78300
20019 19998 78320
20018 20000 78340
20013 19997 78360
20011 20002 78380
20009 19999 78400
20009 20002 78420
20009 20004 78440
20009 20000 78460
20008 19999 78480
20007 19998 78500
20006 19981 78520
20004 19996 78540
20003 19980 78560
20001 19995 78580
19999 19997 78600
19996 19996 78620
19993 20000 78640
19993 20003 78660
19989 19999 78680
19989 20002 78700
19989 20003 78720
19989 20007 78740
19989 20010 78760
19987 20000 78780
19989 20009 78800
19990 19999 78820
19989 20012 78840
19991 20016 78860
19990 20012 78880
19993 20010 78900
19992 20012 78920
19995 20007 78940
19996 20010 78960
19997 20008 78980
19998 20001 79000
19999 20007 79020
19999 19999 79040
19999 20008 79060
20002 19997 79080
20001 20011 79100
20001 20012 79120
20003 20014 79140
20005 20015 79160
20006 20012 79180
20010 20004 79200
20013 20007 79220
20016 20010 79240
20018 20001 79260
20022 20011 79280
20025 19997 79300
20027 20019 79320
20027 20022 79340
20025 20028 79360
20022 20038 79380
20017 20044 79400
20012 20033 79420
20006 20043 79440
20003 20036 79460
20002 20033 79480
20003 20033 79500
20007 20019 79520
20018 20018 79540
20021 19984 79560
20015 19987 79580
19998 19991 79600
19987 20008 79620
19996 20028 79640
20007 20017 79660
20003 19986 79680
19980 20007 79700
19983 20039 79720
20000 20021 79740
20007 20007 79760
20001 19981 79780
19984 19995 79800
19973 19997 79820
19973 20033 79840
19988 20044 79860
20004 20029 79880
20009 20008 79900
20003 19990 79920
19992 19984 79940
19982 19989 79960
19975 19995 79980
19971 19989 80000
