29518 43854 350020
29262 47438 350040
29262 55374 350060
29774 590 350080
29519 12110 350100
28751 22606 350120
26703 32846 350140
24399 41550 350160
20815 45646 350180
19023 45902 350200
17231 44366 350220
15695 43342 350240
13135 41806 350260
11087 40782 350280
8527 40782 350300
6991 40014 350320
4687 38990 350340
1615 39246 350360
63311 40269 350380
58959 40013 350400
55375 38989 350420
53071 36429 350440
51535 31309 350460
51791 26957 350480
52047 19533 350500
53071 12877 350520
53327 9293 350540
53071 2381 350560
53583 62285 350580
53070 56909 350600
54350 49997 350620
54350 44365 350640
53582 40269 350660
53326 36429 350680
52814 31821 350700
51790 28749 350720
51790 26701 350740
52046 23885 350760
53326 24141 350780
54862 25165 350800
57422 25421 350820
59726 25421 350840
61774 21581 350860
78 19534 350880
4174 14926 350900
8014 9038 350920
10062 1870 350940
11086 61518 350960
11597 57422 350980
10829 54862 351000
9293 56910 351020
6989 58958 351040
4429 61774 351060
1357 78 351080
65102 2893 351100
62798 6221 351120
59982 11597 351140
57678 13133 351160
55630 14413 351180
54606 15437 351200
54606 13389 351220
55630 14413 351240
56142 11853 351260
57678 12621 351280
57934 9805 351300
57422 8781 351320
56910 6733 351340
57934 5709 351360
59470 6477 351380
62030 8781 351400
78 6990 351420
3662 6478 351440
6990 3662 351460
10830 590 351480
13134 61774 351500
14925 61518 351520
17229 58446 351540
18509 55118 351560
19277 54862 351580
20301 53326 351600
23117 51534 351620
25421 53838 351640
27725 55374 351660
28749 55374 351680
32077 53326 351700
33357 52302 351720
35149 48462 351740
35661 45646 351760
35917 44110 351780
36685 42830 351800
37197 43342 351820
36685 42574 351840
35149 40526 351860
34125 39502 351880
33613 40526 351900
32589 44110 351920
31821 48462 351940
31053 54606 351960
30541 55374 351980
28749 56910 352000
27469 58190 352020
25165 65102 352040
23117 5198 352060
20302 10830 352080
17998 15438 352100
14670 19022 352120
12110 22094 352140
9806 24398 352160
9038 27982 352180
7758 28238 352200
7758 28494 352220
7246 26702 352240
7246 25678 352260
7246 24910 352280
7246 22094 352300
7758 22094 352320
7502 21070 352340
5710 22606 352360
4430 24654 352380
3406 25166 352400
2894 25678 352420
1358 26446 352440
65358 25421 352460
64334 26701 352480
62542 25677 352500
61006 25933 352520
59982 28493 352540
58958 29005 352560
57678 29261 352580
57422 28237 352600
57166 27725 352620
55886 27981 352640
55118 26957 352660
54350 26445 352680
54862 24141 352700
54606 23373 352720
53582 22605 352740
52814 24653 352760
51534 22861 352780
49742 22605 352800
48974 23117 352820
48718 22861 352840
48206 21325 352860
48462 19533 352880
49486 17997 352900
50254 15181 352920
51534 12621 352940
53326 10573 352960
55374 10317 352980
57678 8013 353000
60750 6989 353020
63054 4173 353040
334 3406 353060
3150 1102 353080
4686 64590 353100
6477 63310 353120
7501 59726 353140
8013 55630 353160
7757 54350 353180
7501 51022 353200
7245 48462 353220
8013 47182 353240
8013 44366 353260
8525 45390 353280
8781 42318 353300
9293 40270 353320
9805 38734 353340
11085 36430 353360
11853 33614 353380
12621 31566 353400
12365 30030 353420
12109 27470 353440
11597 25934 353460
10573 24910 353480
9293 25422 353500
8013 24910 353520
7501 25934 353540
6733 28494 353560
5965 29774 353580
5709 32846 353600
5197 35406 353620
4941 36174 353640
4173 39246 353660
3917 41294 353680
3405 43342 353700
2637 43342 353720
3405 44110 353740
3661 47694 353760
3917 49998 353780
4429 52046 353800
4685 55630 353820
7245 56910 353840
7757 61006 353860
8781 63566 353880
9549 2638 353900
11598 5198 353920
12878 5710 353940
14926 9038 353960
15950 10574 353980
17998 14158 354000
18510 16206 354020
19278 19534 354040
20046 23118 354060
20046 23374 354080
19790 25422 354100
19278 25934 354120
19022 27214 354140
19278 27214 354160
19534 27470 354180
19278 30030 354200
18766 25678 354220
18254 28750 354240
17998 26190 354260
18510 25934 354280
18510 25422 354300
19022 25422 354320
19278 24142 354340
19534 24654 354360
19534 24142 354380
19790 23118 354400
19022 24654 354420
17998 24398 354440
16462 23630 354460
14414 25678 354480
12878 26702 354500
10830 27470 354520
9806 26702 354540
8014 27214 354560
7502 28750 354580
6990 27726 354600
6734 27726 354620
6734 26958 354640
6734 27214 354660
6478 27470 354680
6222 26446 354700
6222 25678 354720
5198 25422 354740
4430 25934 354760
2894 26190 354780
846 25934 354800
65102 25933 354820
64846 25421 354840
63822 25165 354860
62286 24397 354880
61774 21837 354900
60494 20813 354920
59726 19789 354940
58446 19021 354960
57934 18509 354980
57934 16973 355000
57678 15949 355020
57166 14925 355040
56398 14157 355060
55886 11853 355080
55886 9549 355100
55886 9293 355120
55630 8525 355140
55630 7757 355160
55374 6989 355180
54094 4941 355200
52814 3405 355220
52046 1101 355240
51534 63565 355260
51021 333 355280
51278 62541 355300
52557 63565 355320
52813 61261 355340
53325 58701 355360
53325 57677 355380
53837 55373 355400
54349 56909 355420
54861 53581 355440
56141 54349 355460
56909 53069 355480
57677 52813 355500
58701 51277 355520
60493 50509 355540
62029 50509 355560
63309 50253 355580
64845 49485 355600
333 49742 355620
2381 48206 355640
4429 47950 355660
5197 48718 355680
6221 48206 355700
7757 48206 355720
8525 49486 355740
8013 48206 355760
8013 49998 355780
8013 51022 355800
8525 53582 355820
9549 54606 355840
10573 57166 355860
12877 57678 355880
15437 58446 355900
17741 57166 355920
19533 58190 355940
21325 56910 355960
23885 60750 355980
28493 58190 356000
30285 57934 356020
31821 57422 356040
33357 55630 356060
33613 53582 356080
34893 53070 356100
36429 52558 356120
38221 51278 356140
39501 48718 356160
40525 46670 356180
41549 43598 356200
41549 42062 356220
42317 41550 356240
42573 40270 356260
42573 42062 356280
42317 39502 356300
41037 39758 356320
40013 41294 356340
37965 43086 356360
35661 45134 356380
33357 47182 356400
30541 51534 356420
28749 55118 356440
26445 59726 356460
25677 59726 356480
23885 61262 356500
22349 63054 356520
20557 2382 356540
19278 4174 356560
17998 8270 356580
16718 12622 356600
15182 19278 356620
13902 24654 356640
13646 29518 356660
13646 35150 356680
13646 35918 356700
13646 38478 356720
14158 41550 356740
14926 42830 356760
15438 44110 356780
15694 43854 356800
15694 43342 356820
16462 41550 356840
16974 41038 356860
17230 40270 356880
17998 39758 356900
17742 39246 356920
18510 40782 356940
17742 38734 356960
16718 37710 356980
15182 38222 357000
13646 38478 357020
12366 38222 357040
10574 38478 357060
8526 37454 357080
6222 36430 357100
3406 36430 357120
1102 35150 357140
65102 33101 357160
63054 31821 357180
61262 30541 357200
59470 27469 357220
57934 26189 357240
56654 22861 357260
55630 21581 357280
54862 19533 357300
55118 16973 357320
54350 16205 357340
54862 14413 357360
54862 13645 357380
54094 11597 357400
53326 10317 357420
53070 9293 357440
53582 8525 357460
53326 7501 357480
53070 7501 357500
53838 6477 357520
54606 6989 357540
55374 6989 357560
56398 8269 357580
57422 9293 357600
58702 9805 357620
60238 10573 357640
62030 11085 357660
64334 14413 357680
590 15694 357700
4174 16974 357720
6222 18510 357740
8270 19278 357760
10318 19790 357780
11854 19534 357800
13134 19022 357820
13902 19534 357840
14926 20046 357860
15438 20046 357880
15182 20302 357900
15182 18510 357920
14670 19534 357940
14926 17486 357960
14926 15182 357980
14926 16974 358000
14926 16974 358020
14158 15182 358040
13902 13646 358060
12878 12366 358080
12366 12110 358100
11342 11342 358120
11854 12110 358140
12110 14670 358160
12110 11854 358180
10830 11342 358200
10574 7502 358220
9806 5966 358240
8526 4430 358260
7758 4686 358280
6734 3406 358300
4686 590 358320
2894 62286 358340
2125 60238 358360
1613 58958 358380
2637 62286 358400
3661 1102 358420
5198 65102 358440
6989 334 358460
8526 64334 358480
10573 1102 358500
13390 3662 358520
16718 6222 358540
20302 7502 358560
23118 9038 358580
25422 8526 358600
26958 9038 358620
27470 9550 358640
27726 10062 358660
27726 10318 358680
27214 9294 358700
26190 11598 358720
24142 6222 358740
24142 7246 358760
21582 6222 358780
20814 4430 358800
21070 1870 358820
22606 64334 358840
24909 64334 358860
26957 63054 358880
29517 61262 358900
31053 58958 358920
32845 56142 358940
34637 53070 358960
35661 48974 358980
36941 47438 359000
38221 43598 359020
38477 40014 359040
38477 37454 359060
37709 34382 359080
35917 33358 359100
34637 31310 359120
33357 28238 359140
31309 26190 359160
28749 24142 359180
27725 24398 359200
25933 23374 359220
24397 25166 359240
23373 27470 359260
23117 32590 359280
22861 36942 359300
23117 39502 359320
23117 42062 359340
22605 44366 359360
22861 46414 359380
23117 48206 359400
23373 51278 359420
23629 52814 359440
23629 56910 359460
24141 59982 359480
24653 64590 359500
24653 1614 359520
25166 5454 359540
25678 6222 359560
25934 13134 359580
25166 12366 359600
23374 17998 359620
20814 22606 359640
18766 23886 359660
16718 20814 359680
15182 26446 359700
13134 26702 359720
11086 28238 359740
9038 29262 359760
7502 30286 359780
5966 30542 359800
5454 30286 359820
5454 28750 359840
5198 29518 359860
4942 29774 359880
3406 29518 359900
2382 28750 359920
846 29518 359940
78 29006 359960
65102 27213 359980
63822 28237 360000
